0.000000000000000000e+00
1.200000000000002176e-01
2.400000000000003797e-01
3.600000000000005418e-01
4.800000000000008704e-01
6.000000000000009770e-01
7.200000000000011946e-01
8.400000000000014122e-01
9.600000000000016298e-01
1.080000000000001847e+00
1.200000000000001954e+00
1.320000000000002061e+00
1.440000000000002611e+00
1.560000000000002496e+00
1.680000000000002824e+00
1.800000000000002931e+00
1.920000000000003260e+00
2.040000000000003588e+00
2.160000000000003695e+00
2.280000000000003801e+00
2.400000000000003908e+00
2.520000000000004459e+00
2.640000000000004121e+00
2.760000000000004672e+00
2.880000000000005667e+00
3.000000000000005329e+00
3.120000000000004992e+00
3.240000000000006430e+00
3.360000000000005649e+00
3.480000000000005755e+00
3.600000000000005862e+00
3.720000000000006413e+00
3.840000000000006519e+00
3.960000000000007070e+00
4.080000000000007176e+00
4.200000000000006395e+00
4.320000000000007390e+00
4.440000000000008384e+00
4.560000000000008491e+00
4.680000000000007709e+00
4.800000000000007816e+00
4.920000000000008811e+00
5.040000000000008029e+00
5.160000000000009912e+00
5.280000000000008242e+00
5.400000000000010125e+00
5.520000000000009344e+00
5.640000000000009450e+00
5.760000000000009557e+00
5.880000000000010552e+00
