0.000000000000000000e+00
1.034266839623577192e-12
2.188065384061808586e-12
3.459844363743711309e-12
4.147696613417407368e-12
9.940271142996797996e-12
6.382446336028186831e-12
1.175971248110478477e-11
8.643266886935188724e-12
9.734756733963127310e-12
2.003228151604449236e-11
1.096825447953847829e-11
1.273469047630428450e-11
1.152097227423186186e-11
2.338710918864350614e-11
2.732198855628530761e-11
1.630056455301281713e-11
3.502344038164525104e-11
1.940691404197327326e-11
3.511921342977946060e-11
4.019830555335348719e-11
2.344210878350322794e-11
2.399516451579596526e-11
2.567542434078242811e-11
2.654302541222164647e-11
3.274148937921260398e-11
2.045096739938918908e-11
2.457955774716989427e-11
4.521717996573026971e-11
4.717119736860299316e-11
5.294324536111949287e-11
4.510226341347410581e-11
3.367466970736584561e-11
6.020946939715249736e-11
6.987153341628916373e-11
3.438649495541613112e-11
3.913647334979104790e-11
5.340962054218872858e-11
7.130853475300839086e-11
7.017679951426856924e-11
8.042046097686004220e-11
5.208548017871291369e-11
4.665196646561880287e-11
5.847582496452779568e-11
4.835729997135809616e-11
5.687252902319366539e-11
5.232723091392439926e-11
4.778645674269274672e-11
5.548430665718084050e-11
6.677695715150020575e-11
